================================================================================
HDF5 File Summary
Generated: 2025-07-14 00:32:51
File: /home/zexi/Robo_data/agilex_0703_data/pick_blue_cube/episode_0.hdf5
================================================================================

Item: action
Type: Dataset
Dataset Information:
  shape: (400, 14)
  dtype: float32
  size: 5600
  chunks: None
  compression: None
  compression_opts: None
  sample: [[0. 0. 0. 0. 0.]
 [0. 0. 0. 0. 0.]
 [0. 0. 0. 0. 0.]
 [0. 0. 0. 0. 0.]
 [0. 0. 0. 0. 0.]]
----------------------------------------

Item: base_action
Type: Dataset
Dataset Information:
  shape: (400, 2)
  dtype: float32
  size: 800
  chunks: None
  compression: None
  compression_opts: None
  sample: [[0. 0.]
 [0. 0.]
 [0. 0.]
 [0. 0.]
 [0. 0.]]
----------------------------------------

Item: observations
Type: Group
Group Information:
  num_items: 4
  keys: ['effort', 'images', 'qpos', 'qvel']
  attributes: None
----------------------------------------

Item: observations/effort
Type: Dataset
Dataset Information:
  shape: (400, 14)
  dtype: float32
  size: 5600
  chunks: None
  compression: None
  compression_opts: None
  sample: [[0. 0. 0. 0. 0.]
 [0. 0. 0. 0. 0.]
 [0. 0. 0. 0. 0.]
 [0. 0. 0. 0. 0.]
 [0. 0. 0. 0. 0.]]
----------------------------------------

Item: observations/images
Type: Group
Group Information:
  num_items: 3
  keys: ['cam_high', 'cam_left_wrist', 'cam_right_wrist']
  attributes: None
----------------------------------------

Item: observations/images/cam_high
Type: Dataset
Dataset Information:
  shape: (400, 480, 640, 3)
  dtype: uint8
  size: 368640000
  chunks: (1, 480, 640, 3)
  compression: None
  compression_opts: None
  sample: [[[[ 68  47  42]
   [ 68  47  42]
   [ 68  49  43]
   [ 67  48  42]
   [ 64  48  41]]

  [[ 65  50  40]
   [ 65  50  40]
   [ 68  50  41]
   [ 67  49  40]
   [ 65  50  40]]

  [[ 71  53  42]
   [ 73  55  44]
   [ 74  54  44]
   [ 73  53  43]
   [ 73  55  44]]

  [[ 84  72  56]
   [ 90  78  62]
   [ 92  77  65]
   [ 94  79  67]
   [ 90  77  64]]

  [[121 117 106]
   [121 117 106]
   [120 116 105]
   [123 119 108]
   [129 126 112]]]


 [[[ 65  52  39]
   [ 63  50  37]
   [ 62  47  37]
   [ 67  52  42]
   [ 66  52  37]]

  [[ 65  52  39]
   [ 63  50  37]
   [ 62  49  38]
   [ 66  53  42]
   [ 65  53  37]]

  [[ 72  53  40]
   [ 72  53  40]
   [ 73  53  43]
   [ 76  56  46]
   [ 77  58  45]]

  [[ 95  78  64]
   [ 88  71  57]
   [ 81  67  52]
   [ 83  69  54]
   [ 87  70  56]]

  [[124 118 103]
   [123 117 102]
   [121 118 102]
   [122 119 103]
   [130 123 106]]]


 [[[ 62  48  40]
   [ 63  49  41]
   [ 64  50  42]
   [ 66  52  44]
   [ 61  57  50]]

  [[ 63  50  39]
   [ 63  50  39]
   [ 65  50  40]
   [ 69  54  44]
   [ 67  56  49]]

  [[ 72  52  42]
   [ 73  53  43]
   [ 75  55  45]
   [ 75  55  45]
   [ 74  56  45]]

  [[ 93  79  64]
   [ 78  64  49]
   [ 86  71  59]
   [ 95  80  68]
   [ 80  66  51]]

  [[121 119 100]
   [122 120 101]
   [125 124 107]
   [122 121 104]
   [134 128 113]]]


 [[[ 60  52  38]
   [ 60  52  38]
   [ 56  50  37]
   [ 57  51  38]
   [ 61  53  39]]

  [[ 63  53  39]
   [ 63  53  39]
   [ 58  50  36]
   [ 58  50  36]
   [ 62  54  40]]

  [[ 72  54  43]
   [ 72  54  43]
   [ 69  54  42]
   [ 76  61  49]
   [ 72  58  43]]

  [[ 79  67  51]
   [ 87  75  59]
   [ 82  70  52]
   [ 91  79  61]
   [ 86  74  54]]

  [[118 121 100]
   [118 121 100]
   [116 119  94]
   [123 126 101]
   [124 120  95]]]


 [[[ 61  50  45]
   [ 59  48  43]
   [ 59  50  45]
   [ 59  50  45]
   [ 62  51  42]]

  [[ 61  50  45]
   [ 61  50  45]
   [ 62  51  46]
   [ 63  52  47]
   [ 62  51  42]]

  [[ 69  53  46]
   [ 67  51  44]
   [ 67  56  51]
   [ 69  58  53]
   [ 70  59  52]]

  [[ 85  72  59]
   [ 78  65  52]
   [ 90  81  74]
   [ 89  80  73]
   [ 82  75  67]]

  [[122 120 101]
   [126 124 105]
   [118 121 105]
   [116 119 103]
   [123 124 111]]]]
----------------------------------------

Item: observations/images/cam_left_wrist
Type: Dataset
Dataset Information:
  shape: (400, 480, 640, 3)
  dtype: uint8
  size: 368640000
  chunks: (1, 480, 640, 3)
  compression: None
  compression_opts: None
  sample: [[[[ 90  88  97]
   [ 92  90  99]
   [ 94  90  93]
   [ 94  90  93]
   [ 94  90  91]]

  [[ 89  88  95]
   [ 90  89  96]
   [ 91  90  92]
   [ 91  90  92]
   [ 92  91  91]]

  [[ 89  89  93]
   [ 90  90  94]
   [ 90  90  92]
   [ 90  90  92]
   [ 91  91  91]]

  [[ 89  89  93]
   [ 90  90  94]
   [ 90  90  92]
   [ 89  89  91]
   [ 90  90  90]]

  [[ 87  90  93]
   [ 88  91  94]
   [ 88  91  92]
   [ 87  90  91]
   [ 87  90  89]]]


 [[[ 86  91  96]
   [ 86  91  96]
   [ 89  88  92]
   [ 87  86  90]
   [ 91  87  92]]

  [[ 84  91  95]
   [ 85  92  96]
   [ 89  89  93]
   [ 86  86  90]
   [ 90  89  93]]

  [[ 84  91  95]
   [ 85  92  96]
   [ 86  91  96]
   [ 84  89  94]
   [ 87  89  95]]

  [[ 84  91  95]
   [ 85  92  96]
   [ 85  90  95]
   [ 84  89  94]
   [ 86  91  96]]

  [[ 85  91  93]
   [ 85  91  93]
   [ 85  90  95]
   [ 84  89  94]
   [ 86  91  96]]]


 [[[ 84  91  95]
   [ 88  95  99]
   [ 85  92  96]
   [ 85  92  96]
   [ 84  92  91]]

  [[ 84  92  93]
   [ 88  96  97]
   [ 84  92  93]
   [ 85  93  94]
   [ 84  92  93]]

  [[ 85  91  91]
   [ 87  93  93]
   [ 85  91  93]
   [ 85  91  93]
   [ 85  91  93]]

  [[ 85  91  91]
   [ 87  93  93]
   [ 85  91  93]
   [ 84  90  92]
   [ 83  90  94]]

  [[ 86  92  90]
   [ 87  93  91]
   [ 84  92  93]
   [ 84  92  93]
   [ 81  91  94]]]


 [[[ 83  93  96]
   [ 84  94  97]
   [ 88  91  92]
   [ 89  92  93]
   [ 91  88  83]]

  [[ 82  92  95]
   [ 83  93  96]
   [ 86  92  92]
   [ 87  93  93]
   [ 88  88  84]]

  [[ 82  92  95]
   [ 83  93  96]
   [ 85  93  94]
   [ 85  93  94]
   [ 86  89  90]]

  [[ 81  93  95]
   [ 82  94  96]
   [ 82  93  93]
   [ 82  93  93]
   [ 83  91  92]]

  [[ 80  92  94]
   [ 82  94  96]
   [ 81  94  93]
   [ 81  94  93]
   [ 83  91  92]]]


 [[[ 81  93  97]
   [ 82  94  98]
   [ 86  94  95]
   [ 85  93  94]
   [ 80  94  96]]

  [[ 81  93  97]
   [ 82  94  98]
   [ 84  94  97]
   [ 83  93  96]
   [ 82  94  96]]

  [[ 84  91  99]
   [ 84  91  99]
   [ 86  96  99]
   [ 83  93  96]
   [ 81  93  95]]

  [[ 84  91  99]
   [ 84  91  99]
   [ 86  93 101]
   [ 83  90  98]
   [ 82  92  97]]

  [[ 84  91  99]
   [ 83  90  98]
   [ 82  92  99]
   [ 81  91  98]
   [ 81  93  99]]]]
----------------------------------------

Item: observations/images/cam_right_wrist
Type: Dataset
Dataset Information:
  shape: (400, 480, 640, 3)
  dtype: uint8
  size: 368640000
  chunks: (1, 480, 640, 3)
  compression: None
  compression_opts: None
  sample: [[[[135 147 149]
   [134 146 148]
   [135 146 146]
   [135 146 146]
   [127 144 145]]

  [[134 146 148]
   [132 144 146]
   [135 145 148]
   [135 145 148]
   [128 145 146]]

  [[134 146 150]
   [134 146 150]
   [135 145 148]
   [133 143 146]
   [130 144 146]]

  [[134 146 150]
   [135 147 151]
   [135 145 150]
   [133 143 148]
   [134 146 150]]

  [[134 146 150]
   [135 147 151]
   [135 145 150]
   [133 143 148]
   [135 147 151]]]


 [[[130 147 148]
   [132 149 150]
   [133 147 151]
   [130 144 148]
   [130 144 150]]

  [[130 147 148]
   [132 149 150]
   [131 148 149]
   [128 145 146]
   [128 145 148]]

  [[133 147 149]
   [133 147 149]
   [132 146 148]
   [129 143 145]
   [128 145 148]]

  [[136 146 149]
   [136 146 149]
   [130 144 146]
   [130 144 146]
   [128 145 148]]

  [[136 146 149]
   [135 145 148]
   [132 144 146]
   [132 144 146]
   [130 144 148]]]


 [[[133 143 148]
   [133 143 148]
   [134 146 152]
   [131 143 149]
   [133 143 148]]

  [[134 146 150]
   [132 144 148]
   [134 146 150]
   [131 143 147]
   [132 144 148]]

  [[134 146 150]
   [134 146 150]
   [134 146 150]
   [132 144 148]
   [132 144 148]]

  [[134 146 150]
   [134 146 150]
   [132 146 150]
   [130 144 148]
   [130 144 148]]

  [[132 146 148]
   [132 146 148]
   [130 144 148]
   [130 144 148]
   [128 145 148]]]


 [[[133 144 142]
   [133 144 142]
   [136 146 149]
   [136 146 149]
   [136 146 153]]

  [[132 145 142]
   [132 145 142]
   [135 148 147]
   [136 149 148]
   [135 147 151]]

  [[132 147 144]
   [132 147 144]
   [132 147 146]
   [133 148 147]
   [133 147 151]]

  [[130 148 144]
   [130 148 144]
   [132 147 146]
   [132 147 146]
   [132 146 150]]

  [[128 146 142]
   [130 148 144]
   [132 147 146]
   [133 148 147]
   [133 147 149]]]


 [[[135 148 147]
   [132 145 144]
   [128 145 146]
   [127 144 145]
   [127 144 147]]

  [[135 146 144]
   [133 144 142]
   [130 144 146]
   [129 143 145]
   [128 145 146]]

  [[135 146 146]
   [135 146 146]
   [134 146 148]
   [132 144 146]
   [128 145 148]]

  [[137 145 146]
   [137 145 146]
   [135 147 149]
   [132 144 146]
   [132 146 150]]

  [[135 146 146]
   [135 146 146]
   [135 147 149]
   [134 146 148]
   [132 144 148]]]]
----------------------------------------

Item: observations/qpos
Type: Dataset
Dataset Information:
  shape: (400, 14)
  dtype: float32
  size: 5600
  chunks: None
  compression: None
  compression_opts: None
  sample: [[ 0.          0.         -0.00041866  0.          0.        ]
 [ 0.          0.         -0.00041866  0.          0.        ]
 [ 0.          0.         -0.00041866  0.          0.        ]
 [ 0.          0.         -0.00041866  0.          0.        ]
 [ 0.          0.         -0.00041866  0.          0.        ]]
----------------------------------------

Item: observations/qvel
Type: Dataset
Dataset Information:
  shape: (400, 14)
  dtype: float32
  size: 5600
  chunks: None
  compression: None
  compression_opts: None
  sample: [[ 0.501  0.509  0.011  0.495  0.034]
 [ 0.003  0.509  0.003  0.017 -0.034]
 [ 0.505  0.003  0.015  0.    -0.017]
 [ 0.505  0.505 -0.007  0.069  0.051]
 [ 0.501  0.003  0.019  0.017 -0.051]]
----------------------------------------
